Java: 58.549982717826616
Python: 48.30904446606744
JavaScript: 44.867638038667174
C: 58.4991307626039
C++: 47.19397201756541
