Java: 44.20215590128467
JavaScript: 72.35143872905965
PHP: 27.236238152072765
Python: 46.8897647001746
Ruby: 8.408460295386234
